4.700558 8.981397 -0.784639
-2.608584 0.140463 6.992198
-2.364459 -0.461477 -6.932203
-6.594878 -2.679926 5.839994
-6.020106 -6.467750 2.471013
-8.468255 -5.015834 -1.706251
-4.633220 -5.062074 -5.125820
-10.588456 0.085910 4.518389
-12.112863 2.642124 0.422977
-11.359845 -1.080209 -2.864153
-9.559970 7.826564 -0.003272
-10.932738 4.817940 -3.964538
-7.687107 -1.066371 -6.303556
-6.820684 5.508374 -6.961777
-6.101117 3.658327 7.707748
-10.081581 5.188364 4.989031
0.087920 6.870840 6.372147
-2.490245 10.541042 4.129760
0.432218 11.454323 0.084936
-5.182456 11.162078 -0.108324
-2.180758 10.540015 -4.153147
0.115063 6.675454 -6.429553
1.227194 -3.100565 6.977434
3.184602 -2.984653 -6.918349
-2.306195 -6.535250 5.996600
1.043982 -9.551635 3.804801
-2.898943 -10.093235 0.706385
1.036129 -10.225215 -2.498893
0.047976 -6.970559 -6.223701
6.043896 -1.732912 6.753404
6.768231 -6.424660 4.931642
8.680513 1.548214 3.964772
10.339476 -3.139338 3.300867
8.981804 -7.273544 0.517919
10.830785 0.192523 -0.446109
10.214927 -4.008949 -3.147205
8.119029 1.437466 -4.602341
1.875459 2.388008 7.881421
5.115700 5.779665 6.139236
6.531153 6.190807 -4.513994
4.132585 2.811462 -7.448707
7.876720 6.063009 1.884100
5.028832 -10.330433 0.778110
6.324960 -8.395315 -3.705528
