9.479203 -8.278188 -3.998835
-2.266921 -0.321509 8.954556
-2.273228 -0.528307 -8.935803
-6.650504 -2.719469 8.097740
-6.547584 -6.984402 5.350104
-9.745575 -6.725307 1.380068
-7.501153 -7.923210 -2.940551
-7.994214 -4.474673 -6.640907
-11.199904 -0.914416 6.539742
-13.817525 1.391192 2.942395
-13.293807 -3.097674 0.797780
-14.087098 1.018553 -2.039160
-11.715002 -1.135790 -5.962775
-12.928158 6.845445 -0.001853
-10.722061 8.760270 -4.074897
-12.581139 4.309550 -5.528514
-8.529785 6.693479 -8.065711
-8.852949 1.647876 -9.006495
-5.686058 3.281042 9.824020
-10.258008 4.247445 8.037061
-10.296201 8.461957 5.175806
0.524452 8.273124 7.942240
-2.011373 11.920144 5.640239
2.840929 11.017343 4.451438
-4.822403 13.292806 1.716623
0.124045 13.583311 1.012804
4.166219 11.349049 -0.975751
-2.987740 13.356881 -2.950158
1.192332 11.605556 -5.066037
-4.399577 8.108322 9.025306
-9.403577 11.180376 1.041467
-6.581996 11.269870 -5.798192
-2.440390 9.657588 -8.105057
-0.413960 5.088871 -9.306678
1.249858 -3.886371 8.920972
3.072439 -2.978909 -8.949296
-2.138795 -7.461205 7.919867
0.980847 -10.679704 5.681527
-3.800592 -10.918031 3.914021
0.196113 -12.689256 1.166385
-4.495495 -11.484806 -1.052502
0.698761 -11.919015 -3.751507
-3.648689 -9.705247 -5.685684
0.885440 -8.561509 -7.566367
-3.111658 -5.416412 -8.277259
5.634131 -1.455360 8.866203
6.625454 -6.225084 7.661045
10.107941 -2.620017 6.813986
10.100964 2.167337 5.305992
10.234807 -7.273229 4.340451
12.783473 -1.267988 2.714416
12.540791 -5.637923 0.083494
11.805405 2.739841 -0.160544
12.780689 -1.522453 -2.791466
10.219940 2.275931 -5.078437
10.244180 -3.843045 -6.491823
6.645135 0.561766 -8.241644
1.716769 2.602001 9.888873
5.400008 5.707328 8.503782
8.581332 6.937054 4.797678
8.397040 8.656460 -0.540570
6.261606 9.203326 -5.052175
5.519829 5.506224 -8.522198
6.041306 -10.458913 4.979139
8.703354 -10.346675 0.594859
5.137213 -10.365263 -5.620590
