1.813642 -11.499897 3.878804
1.279320 1.690590 8.954247
1.074953 1.975081 -8.921081
3.024993 6.319014 8.136805
0.072253 9.452510 5.452831
2.711801 11.423770 1.585804
0.220512 10.951502 -2.734815
2.902128 8.826364 -6.435171
7.510241 8.109003 6.539517
11.155741 7.959524 2.981516
7.676905 11.085679 0.900563
11.134733 8.432018 -2.000039
7.942279 8.542944 -5.923654
14.247287 1.611508 -0.000726
13.154962 4.294750 -4.194021
11.736690 0.267088 -7.055276
9.118160 4.275683 -8.514640
6.286911 0.336601 -9.759144
6.221716 1.600479 9.831687
10.747040 0.503083 7.979741
13.146256 3.592335 4.707777
4.726592 -6.674624 7.917553
9.087273 -7.713131 5.679214
6.662360 -10.793703 2.469586
12.127603 -6.941626 1.755598
9.510768 -9.728460 -1.660047
4.222186 -11.163476 -2.015493
6.754291 -8.910464 -5.811785
12.283380 -3.840057 5.866118
14.043478 -3.275485 -1.160378
11.681816 -6.252427 -4.576023
8.610404 -4.943497 -8.306442
3.708403 -4.264470 -9.135375
-3.733934 2.061347 8.920635
-4.485278 0.188687 -8.949825
-3.619477 6.997434 7.919328
-8.045184 7.400432 5.617327
-4.582515 10.735828 3.849821
-8.626366 9.521747 1.038523
-4.529944 11.548454 -1.219711
-8.753462 8.261752 -3.855054
-3.737578 9.612263 -5.813546
-6.455054 5.777686 -7.630567
-5.409974 -2.649329 8.865362
-9.362621 0.200661 7.660204
-9.495031 -4.810517 6.813146
-6.483259 -8.454034 5.074818
-12.731616 -1.464773 4.339610
-10.879638 -7.320416 2.689260
-7.270250 -9.868898 0.211304
-13.438956 -3.895342 -0.044671
-13.410391 0.696984 -2.033226
-10.810026 -7.458061 -2.522627
-12.066051 -3.161185 -5.011194
-6.505439 -8.473341 -5.039931
-9.522349 0.400534 -7.524077
-7.958809 -4.447984 -7.798177
0.273391 -3.213099 9.893982
-2.248841 -7.301569 8.480597
-0.749438 -12.087207 -0.443258
-2.006577 -10.756858 -5.149386
2.009790 -8.843523 -7.642374
-3.015310 -6.898867 -8.398361
-11.616687 3.935873 5.017810
-12.272546 6.003296 0.414691
