3.433812 -7.456118 -5.406541
1.836025 1.582676 6.991763
1.264751 1.857278 -6.932639
2.909586 6.359894 5.839586
0.241887 8.878185 2.439343
2.757642 9.284809 -1.920949
0.099447 6.710337 -5.289930
7.839726 6.819804 4.568626
10.686327 5.906579 0.473214
7.611474 8.351943 -2.732064
12.179222 0.531577 -0.008018
11.163084 3.548467 -4.051137
5.018534 5.804449 -6.339565
8.640547 0.258320 -6.915936
6.815584 1.268372 7.711752
10.928170 2.085768 4.981098
4.084603 -5.214647 6.390975
8.545626 -6.353128 4.179850
4.189285 -8.793608 2.822481
11.070353 -4.968822 0.023618
7.673640 -8.610722 -0.842642
9.142528 -5.612420 -4.585853
3.300157 -2.731475 -7.370506
-3.190269 1.494618 6.976971
-3.742844 1.976297 -6.901389
-3.743149 -3.145082 -6.649586
-2.282210 6.340501 6.034587
-7.052149 6.254917 4.283308
-4.706995 9.422900 1.184892
-7.781768 7.162375 -2.102238
-5.899877 -2.720816 6.752437
-9.506295 0.384226 4.981264
-5.626537 -6.919900 3.963806
-9.995550 -4.482253 3.432340
-11.811251 -0.754402 0.598804
-8.205394 -7.338695 -0.314635
-10.511465 -3.858194 -3.148172
-8.910998 0.249917 -5.514473
-0.216855 -3.142368 7.878572
-0.265751 -7.847719 6.061926
-1.235411 -9.958980 1.593067
-2.247122 -9.231532 -3.308530
-10.841959 4.062699 1.634474
